$ 1 0.000005 10.20027730826997 50 5 43
165 224 160 288 160 2 0
R 288 96 288 48 0 0 40 5 0 0 0.5
w 288 96 288 128 0
w 288 96 144 96 0
w 144 96 80 96 0
w 80 96 80 240 0
r 144 96 144 176 0 1000
r 80 240 80 320 0 1000
s 144 176 144 256 0 1 true
s 80 320 80 400 0 1 true
g 80 400 80 416 0
g 144 256 144 288 0
w 176 176 176 128 0
w 176 128 384 128 0
w 384 128 384 192 0
w 384 192 352 192 0
w 80 320 192 320 0
w 192 320 192 256 0
w 192 256 224 256 0
w 352 224 432 224 2
w 176 176 144 176 0
o 19 64 0 4099 0.0000762939453125 0.00009765625 0 2 19 3
