$ 1 0.0000049999999999999996 10.20027730826997 50 5 50
165 640 272 720 272 2 4.999999950000001
R 704 208 704 144 0 0 40 5 0 0 0.5
w 704 208 704 240 0
w 704 208 496 208 0
r 496 208 496 304 0 1000
w 496 304 640 304 0
r 496 304 496 400 0 1000
w 496 400 608 400 0
w 608 400 640 400 0
w 608 400 640 368 0
c 496 400 496 480 0 0.00001 2.3498111158472024
g 496 480 496 528 0
w 768 336 848 336 0
w 704 208 768 208 0
w 768 208 768 304 0
403 240 400 416 480 0 10_64_0_4099_5_0.00625_0_2_10_3
o 12 64 0 4099 5 0.00009765625 0 2 12 3
