$ 1 0.000005 10.20027730826997 50 5 50
165 640 320 800 320 2 0
R 704 240 704 192 0 0 40 5 0 0 0.5
w 704 240 704 288 0
w 768 384 832 384 0
w 704 240 560 240 0
w 560 240 480 240 0
r 560 240 560 352 0 1000
w 560 352 640 352 0
w 560 352 560 448 0
w 560 448 640 448 0
c 560 448 560 512 0 0.000049999999999999996 0.04950495049504928
g 560 512 560 544 0
w 480 240 480 336 0
r 480 336 480 416 0 1000
w 480 416 640 416 0
s 480 416 480 496 0 1 true
g 480 496 480 544 0
403 880 480 1104 560 0 3_64_0_4098_0.0000762939453125_0.00009765625_0_2_3_3
403 880 368 1104 448 0 10_64_0_4099_0.15625_0.00009765625_0_2_10_3
403 880 256 1104 352 0 15_64_0_4098_5_0.00009765625_0_2_15_3
w 768 240 768 352 0
w 768 240 704 240 0
